x cod fit noise
-0.1967999999999998 0.0005978193306933 0.00027294037863612175 0.0003248789520571782
-0.1963999999999999 0.0010619360811481 0.0006606285460293293 0.00040130753511877074
-0.1956 8.79360745994705e-05 0.00139980623498559 -0.0013118701603861195
-0.1951999999999998 0.0010244041790879 0.0017521241679787636 -0.0007277199888908637
-0.1947999999999998 0.0019835644597669 0.0020934632048010826 -0.00010989874503418255
-0.1943999999999999 0.0030772641545557 0.0024242103099823 0.0006530538445734002
-0.1939999999999999 0.0032404923758801 0.00274472963064909 0.00049576274523101
-0.1936 0.0026036558524914 0.003055395558476448 -0.00045173970598504825
-0.1931999999999998 0.0027798353936842 0.0033565470948815346 -0.0005767117011973347
-0.1927999999999998 0.0033774797666678 0.0036485265009105206 -0.0002710467342427205
-0.1923999999999999 0.0043171128796528 0.003931668121367693 0.000385444758285107
-0.1919999999999999 0.0049627700386853 0.00420629046857357 0.0007564795701117295
-0.1916 0.0042928246450088 0.004472693894058466 -0.00017986924904966634
-0.1911999999999998 0.0043792013756248 0.004731185268610716 -0.00035198389298591627
-0.1907999999999998 0.0050083870634199 0.004982056561857462 2.633050156243804e-05
-0.1903999999999999 0.0052225232996901 0.005225577857345343 -3.054557655242894e-06
-0.1899999999999999 0.0049272713578556 0.005462025757879019 -0.000534754400023419
-0.1896 0.0065986760869355 0.005691662896424532 0.000907013190510968
-0.1891999999999998 0.0077694615840343 0.005914745852351189 0.0018547157316831115
-0.1887999999999998 0.0083564025066841 0.0061315144412219524 0.0022248880654621474
-0.1883999999999999 0.0070820533302652 0.006342210341244936 0.0007398429890202642
-0.1879999999999999 0.005044693807844 0.006547064054757357 -0.0015023702469133563
-0.1876 0.0048343484976347 0.006746293045580387 -0.0019119445479456867
-0.1871999999999998 0.0057189405645727 0.0069401138462126255 -0.0012211732816399257
-0.1867999999999998 0.0067980782441321 0.007128740195184946 -0.0003306619510528462
-0.1863999999999999 0.0073317733613701 0.00731235696002841 1.9416401341690315e-05
-0.1859999999999999 0.0075035209633192 0.007491174153983593 1.2346809335607098e-05
-0.1856 0.0078696389443019 0.00766536733135581 0.00020427161294609038
-0.1851999999999998 0.0088724404476198 0.007835122290998697 0.0010373181566211021
-0.1847999999999998 0.010050295835122 0.008000613190233707 0.0020496826448882927
-0.1843999999999999 0.0081476260821455 0.008162001613527536 -1.4375531382036094e-05
-0.1839999999999999 0.0074100831390645 0.008319458924233913 -0.0009093757851694135
-0.1835999999999999 0.0081240405047604 0.008473136462271214 -0.00034909595751081435
-0.1831999999999998 0.0087402224257903 0.008623184636235237 0.00011703778955506235
-0.1827999999999998 0.0086629603095386 0.008769750595092773 -0.00010679028555417303
-0.1823999999999999 0.0087928724753585 0.008912972174584866 -0.00012009969922636629
-0.1819999999999999 0.0092344236590363 0.00905298488214612 0.0001814387768901797
-0.1815999999999999 0.0095515651401588 0.009189915843307972 0.00036164929685082725
-0.1811999999999998 0.0096788477302774 0.009323895443230867 0.00035495228704653277
-0.1807999999999998 0.0092977517177208 0.009455045685172081 -0.0001572939674512816
-0.1803999999999999 0.0090666495398375 0.00958347413688898 -0.0005168245970514802
-0.1799999999999999 0.0087187455618615 0.009709295351058245 -0.0009905497891967447
-0.1795999999999999 0.0088431653872143 0.009832620620727539 -0.0009894552335132385
-0.1791999999999998 0.009478768879025 0.009953549597412348 -0.00047478071838734717
-0.1787999999999998 0.0100390512765012 0.010072181932628155 -3.313065612695412e-05
-0.1783999999999999 0.0110764030986528 0.010188613086938858 0.0008877900117139417
-0.1779999999999999 0.0115878019408365 0.01030293619260192 0.0012848657482345816
-0.1775999999999999 0.0100018546923217 0.010415234137326479 -0.00041337944500477973
-0.1771999999999998 0.0084600540419175 0.010525598656386137 -0.0020655446144686365
-0.1767999999999998 0.0099783854378331 0.010634104255586863 -0.0006557188177537619
-0.1763999999999999 0.0115155316641308 0.010740828700363636 0.0007747029637671637
-0.1759999999999999 0.0120089255085616 0.0108458511531353 0.0011630743554262996
-0.1755999999999999 0.011682994980152 0.0109492396004498 0.0007337553797021994
-0.1752 0.0116133480732321 0.01105106482282281 0.0005622832504092908
-0.1747999999999998 0.0110638122436264 0.01115139527246356 -8.758302883716054e-05
-0.1743999999999999 0.010962296798117 0.01125028170645237 -0.00028798490833537027
-0.1739999999999999 0.0110894746078081 0.011347794439643621 -0.00025831983183552225
-0.1735999999999999 0.0114824459511462 0.011443991679698229 3.8454271447972005e-05
-0.1732 0.0115639447015384 0.01153892232105136 2.5022380487040724e-05
-0.1727999999999998 0.0108565646024443 0.01163264038041234 -0.00077607577796804
-0.1723999999999999 0.0104218078167901 0.011725198477506638 -0.0013033906607165368
-0.1719999999999999 0.0106304500152713 0.011816645972430706 -0.0011861959571594066
-0.1715999999999999 0.011577889214367 0.011907023377716541 -0.0003291341633495405
-0.1712 0.0129204145954666 0.011996375862509012 0.0009240387329575873
-0.1707999999999998 0.0129028033161101 0.012084745801985264 0.000818057514124837
-0.1703999999999998 0.0119041531297179 0.012172178365290165 -0.0002680252355722647
-0.1699999999999999 0.0116228825749608 0.01225870056077838 -0.0006358179858175789
-0.1695999999999999 0.0120921390536202 0.012344359885901213 -0.0002522208322810124
-0.1692 0.0127825340135054 0.012429178226739168 0.00035335578676623167
-0.1687999999999998 0.013344053725715 0.012513199355453253 0.0008308543702617473
-0.1683999999999998 0.0137542473692655 0.012596447952091694 0.001157799417173807
-0.1679999999999999 0.0135901605295822 0.012678954284638166 0.0009112062449440333
-0.1675999999999999 0.0125879420221762 0.012760751880705357 -0.00017280985852915695
-0.1672 0.0121780217992335 0.012841857504099607 -0.000663835704866108
-0.1667999999999998 0.0119735718749488 0.012922304216772318 -0.0009487323418235181
-0.1663999999999998 0.011859243718816 0.013002112042158842 -0.001142868323342842
-0.1659999999999999 0.0124238988328931 0.013081300538033247 -0.0006574017051401478
-0.1655999999999999 0.0131793216977937 0.01315989950671792 1.942219107578004e-05
-0.1652 0.014293919593906 0.013237922918051481 0.0010559966758545182
-0.1647999999999998 0.0145973401986089 0.013315388932824135 0.0012819512657847656
-0.1643999999999998 0.0135788901238492 0.013392323162406683 0.00018656696144251673
-0.1639999999999999 0.0127120067896032 0.013468727935105562 -0.000756721145502362
-0.1635999999999999 0.0132380719857884 0.013544633984565735 -0.0003065619987773355
-0.1632 0.0137854864727225 0.013620052952319384 0.00016543352040311599
-0.1627999999999998 0.0134496971019063 0.013694994151592255 -0.0002452970496859552
-0.1623999999999998 0.0137515661519038 0.013769471552222967 -1.7905400319167056e-05
-0.1619999999999999 0.0145088272926976 0.013843501452356577 0.0006653258403410238
-0.1615999999999999 0.0147310948538972 0.013917090836912394 0.000814004016984806
-0.1612 0.0143506456155214 0.013990259263664484 0.00036038635185691587
-0.1607999999999998 0.0142365860963296 0.014063005801290274 0.00017358029503932587
-0.1603999999999998 0.0139840417397248 0.014135347679257393 -0.00015130593953259323
-0.1599999999999999 0.0134636074726365 0.014207289088517427 -0.0007436816158809274
-0.1595999999999999 0.0134926325586916 0.014278840273618698 -0.0007862077149270973
-0.1592 0.0137702329310527 0.014350010082125664 -0.0005797771510729632
-0.1587999999999998 0.0145786838221219 0.01442080456763506 0.00015787925448684098
-0.1583999999999998 0.0151748142281157 0.014491232112050056 0.0006835821160656435
-0.1579999999999999 0.0151372504885566 0.014561292249709368 0.0005759582388472316
-0.1575999999999999 0.0146266464311992 0.014631000347435474 -4.353916236274694e-06
-0.1572 0.0145304449483704 0.01470035407692194 -0.00016990912855154028
-0.1567999999999998 0.0146533604216719 0.01476936275139451 -0.00011600232972261079
-0.1563999999999998 0.0148997476735639 0.014838029630482197 6.171804308170367e-05
-0.1559999999999999 0.0151999896625855 0.014906354714185 0.0002936349484004997
-0.1555999999999999 0.0154456045347288 0.014974346850067377 0.0004712576846614223
-0.1552 0.0153640440505802 0.015042006969451904 0.00032203708112829577
-0.1547999999999998 0.0149412840524876 0.01510934391990304 -0.00016805986741543974
-0.1543999999999998 0.014898188139685 0.015176347456872463 -0.00027815931718746384
-0.1539999999999999 0.0153390984842988 0.01524303201586008 9.606646843871892e-05
-0.1535999999999999 0.0153785224607068 0.015309395268559456 6.91271921473436e-05
-0.1532 0.0152159689712156 0.0153754404745996 -0.00015947150338399899
-0.1527999999999998 0.0156014389549801 0.015441168565303087 0.00016027038967701343
-0.1523999999999998 0.0156325798038359 0.015506579540669918 0.00012600026316598317
-0.1519999999999999 0.0149023534526773 0.015571676194667816 -0.0006693227419905159
-0.1515999999999999 0.0148492948510691 0.015636462718248367 -0.0007871678671792677
-0.1512 0.0153051245781902 0.015700938180088997 -0.0003958136018987965
-0.1507999999999998 0.0159969326720414 0.015765102114528418 0.00023183055751298254
-0.1503999999999998 0.0164242321305399 0.015828955452889204 0.0005952766776506947
-0.1499999999999999 0.0166896301613636 0.015892500523477793 0.0007971296378858073
-0.1495999999999999 0.016267565808435 0.015955737326294184 0.00031182848214081696
-0.1492 0.0155871525649356 0.016018662601709366 -0.00043151003677376586
-0.1487999999999998 0.0153972241223568 0.01608128286898136 -0.0006840587466245621
-0.1483999999999998 0.015916638594025 0.016143595799803734 -0.00022695720577873418
-0.1479999999999999 0.0163973569651355 0.01620560511946678 0.0001917518456687195
-0.1475999999999999 0.0164077959807813 0.016267299186438322 0.00014049679434297718
-0.1472 0.0165573937102803 0.01632869243621826 0.00022870127406203825
-0.1467999999999998 0.0168610513864998 0.01638977462425828 0.00047127676224151954
-0.1463999999999998 0.0171492390572954 0.016450554132461548 0.0006986849248338534
-0.1459999999999999 0.0173537582262352 0.016511026304215193 0.0008427319220200083
-0.1455999999999999 0.0171552566063067 0.01657119207084179 0.0005840645354649107
-0.1452 0.0167602041956518 0.016631052363663912 0.00012915183198788927
-0.1447999999999998 0.0163738340359578 0.01669060718268156 -0.000316773146723761
-0.1443999999999998 0.0162620918186371 0.016749850008636713 -0.0004877581899996146
-0.1439999999999999 0.0162236099963098 0.016808790154755116 -0.000585180158445317
-0.1435999999999999 0.0161242811458641 0.016867424827069044 -0.0007431436812049448
-0.1432 0.016317365085108 0.0169257503002882 -0.0006083852151801995
-0.1427999999999998 0.0168553537033002 0.016983775421977043 -0.00012842171867684382
-0.1423999999999998 0.01742689387869 0.01704148994758725 0.0003854039311027499
-0.1419999999999999 0.0174790155834625 0.017098897136747837 0.000380118446714664
-0.1415999999999999 0.0173668286706777 0.017155999317765236 0.0002108293529124658
-0.1412 0.0173688927471919 0.017212795559316874 0.00015609718787502544
-0.1407999999999998 0.0174381417204419 0.017269285395741463 0.00016885632470043863
-0.1403999999999998 0.0171893678253521 0.01732547441497445 -0.00013610658962235136
-0.1399999999999999 0.0171504729322962 0.01738135376945138 -0.00023088083715518126
-0.1395999999999999 0.0172886390053652 0.017436932772397995 -0.00014829376703279565
-0.1392 0.0174585251116619 0.017492204438894987 -3.3679327233086115e-05
-0.1387999999999998 0.0175496744519897 0.017547172494232655 2.5019577570457863e-06
-0.1383999999999998 0.017701714182533 0.01760184019804001 9.987398449299092e-05
-0.1379999999999999 0.0176645648051999 0.017656204290688038 8.360514511862593e-06
-0.1375999999999999 0.017389560427489 0.01771026337519288 -0.00032070294770387975
-0.1372 0.0173679711756038 0.017764020711183548 -0.0003960495355797497
-0.1367999999999998 0.0177520307452352 0.01781747955828905 -6.544881305385261e-05
-0.1363999999999998 0.0182795132410535 0.017870638519525528 0.00040887472152797283
-0.1359999999999999 0.0184559003577386 0.017923496663570404 0.0005324036941681959
-0.1355999999999999 0.0187564206552518 0.017976056784391403 0.0007803638708603969
-0.1352 0.0187290275728368 0.018028320278972387 0.0007007072938644138
-0.1347999999999998 0.0182879233724337 0.01808028807863593 0.00020763529379776852
-0.1343999999999998 0.0179157298717835 0.018131956458091736 -0.00021622658630823452
-0.1339999999999999 0.0176741881658273 0.0181833328679204 -0.0005091447020930985
-0.1335999999999999 0.0176950130121614 0.018234414979815483 -0.0005394019676540837
-0.1331999999999999 0.0179086371937799 0.01828520791605115 -0.00037657072227124944
-0.1327999999999998 0.0181654004590048 0.0183357079513371 -0.00017030749233229794
-0.1323999999999998 0.0183084030723888 0.018385919742286205 -7.75166698974046e-05
-0.1319999999999999 0.0184441300261884 0.018435838166624308 8.291859564094062e-06
-0.1315999999999999 0.0186359240222243 0.01848547114059329 0.0001504528816310101
-0.1311999999999999 0.0187537510712009 0.018534822389483452 0.00021892868171744656
-0.1307999999999998 0.0186518311691492 0.018583888188004494 6.794298114470507e-05
-0.1303999999999998 0.0184426873629561 0.01863267133012414 -0.0001899839671680413
-0.1299999999999999 0.0184984801362208 0.018681172281503677 -0.00018269214528287767
-0.1295999999999999 0.0186849150519782 0.01872939709573984 -4.448204376164208e-05
-0.1291999999999999 0.0190547803282155 0.018777342978864908 0.00027743734935059203
-0.1287999999999998 0.0194176076228134 0.018825013656169176 0.0005925939666442254
-0.1283999999999998 0.0190350460711407 0.01887241005897522 0.00016263601216548115
-0.1279999999999999 0.0186649689843989 0.018919531255960464 -0.00025456227156156475
-0.1275999999999999 0.0184896529984514 0.018966385629028082 -0.0004767326305766817
-0.1271999999999999 0.0186043998449237 0.0190129685215652 -0.0004085686766414978
-0.1267999999999998 0.0187618791350404 0.019059290643781424 -0.00029741150874102243
-0.1263999999999998 0.0188173470942355 0.01910534268245101 -0.00028799558821551025
-0.1259999999999999 0.0189185249386166 0.019151134882122278 -0.00023260994350567804
-0.1255999999999999 0.019164000502027 0.019196664914488792 -3.266441246179211e-05
-0.1251999999999999 0.0192419913088235 0.019241938367486 5.294133750138874e-08
-0.1247999999999998 0.0193650756232007 0.019286954775452614 7.81208477480845e-05
-0.1243999999999998 0.0194461372418157 0.01933171460404992 0.0001144226377657806
-0.1239999999999998 0.0195366539547959 0.01937622530385852 0.00016042865093738104
-0.1235999999999999 0.0196112505923144 0.019420483149588108 0.00019076744272629106
-0.1231999999999999 0.0195146302475554 0.019464495591819286 5.0134655736115e-05
-0.1228 0.0194506170345615 0.019508260302245617 -5.764326768411751e-05
-0.1223999999999998 0.019423439409795 0.019551783334463835 -0.00012834392466883407
-0.1219999999999998 0.0195924436136189 0.019595064222812653 -2.6206091937527876e-06
-0.1215999999999999 0.0198738152382079 0.01963810669258237 0.000235708545625532
-0.1211999999999999 0.0198003307862785 0.019680913537740707 0.00011941724853779118
-0.1208 0.0194361134981067 0.019723484758287668 -0.0002873712601809686
-0.1203999999999998 0.0193664673058107 0.01976582547649741 -0.00039935817068671026
-0.1199999999999998 0.0196622175835493 0.019807934295386076 -0.00014571671183677762
-0.1195999999999999 0.0197489116775127 0.019849817268550396 -0.00010090559103769631
-0.1191999999999999 0.0198983209566211 0.019891471602022648 6.849354598451041e-06
-0.1188 0.0200576695979398 0.019932910334318876 0.0001247592636209223
-0.1183999999999998 0.0200821766717514 0.019974122755229473 0.00010805391652192811
-0.1179999999999998 0.0199737452663249 0.020015118177980185 -4.137291165528384e-05
-0.1175999999999999 0.0200317945117185 0.020055897999554873 -2.4103487836373005e-05
-0.1171999999999999 0.0200832415139334 0.020096463849768043 -1.322233583464158e-05
-0.1168 0.0202315691244713 0.02013682178221643 9.474734225486947e-05
-0.1163999999999998 0.020140866436776 0.020176969235762954 -3.610279898695265e-05
-0.1159999999999998 0.0200247908239085 0.02021690900437534 -0.00019211818046683746
-0.1155999999999999 0.0200999737526331 0.02025664341636002 -0.0001566696637269223
-0.1151999999999999 0.0202635288106329 0.020296178059652448 -3.2649249019547216e-05
-0.1148 0.0204328718845773 0.020335511537268758 9.736034730854076e-05
-0.1143999999999998 0.0203709596862141 0.020374651066958904 -3.6913807448038516e-06
-0.1139999999999998 0.0203683313700366 0.020413593389093876 -4.5262019057277364e-05
-0.1135999999999999 0.0204618076066261 0.02045234222896397 9.465377662127433e-06
-0.1131999999999999 0.0204040371211911 0.0204909008461982 -8.686372500710249e-05
-0.1128 0.020145209833187 0.020529270404949784 -0.000384060571762785
-0.1123999999999998 0.0200519043807065 0.020567454397678375 -0.0005155500169718753
-0.1119999999999998 0.020145472039235 0.02060545585118234 -0.0004599838119473433
-0.1115999999999999 0.0206434479960471 0.020643274066969752 1.7392907734892216e-07
-0.1111999999999999 0.020994193836684 0.02068091300316155 0.00031328083352245156
-0.1108 0.0213126580000416 0.020718374755233526 0.0005942832448080741
-0.1103999999999998 0.0213727073540344 0.020755661418661475 0.000617045935372925
-0.1099999999999998 0.0210670398024577 0.020792774856090546 0.00027426494636715454
-0.1095999999999999 0.020737339554909 0.02082971902564168 -9.23794707326786e-05
-0.1091999999999999 0.020617572679116 0.02086649206466973 -0.00024891938555372806
-0.1088 0.0205278148189007 0.020903097232803702 -0.00037528241390300324
-0.1083999999999998 0.0207663409925466 0.020939540583640337 -0.00017319959109373534
-0.1079999999999998 0.0209641150186775 0.02097581559792161 -1.1700579244110915e-05
-0.1075999999999999 0.021120574404797 0.021011933218687773 0.00010864118610922832
-0.1071999999999999 0.0212649449998076 0.021047890651971102 0.00021705434783649696
-0.1068 0.021241266392612 0.021083692088723183 0.0001575743038888175
-0.1063999999999998 0.0212329330845883 0.02111933659762144 0.00011359648696685973
-0.1059999999999998 0.0212616379895831 0.021154826041311026 0.00010681194827207377
-0.1055999999999999 0.0212379527277385 0.02119016577489674 4.7786952841757935e-05
-0.1051999999999999 0.0211617125894256 0.021225355798378587 -6.36432089529855e-05
-0.1048 0.0211381232334418 0.021260395646095276 -0.00012227241265347702
-0.1043999999999998 0.0212170378175719 0.02129528997465968 -7.825215708778116e-05
-0.1039999999999998 0.0213383085303223 0.021330039715394378 8.26881492792253e-06
-0.1035999999999999 0.0214097998810463 0.02136464510113001 4.515477991628991e-05
-0.1031999999999999 0.0214782338516857 0.021399108693003654 7.9125158682046e-05
-0.1028 0.021406254798221 0.02143343584612012 -2.718104789911982e-05
-0.1023999999999998 0.0214152489288285 0.021467619575560093 -5.237064673159139e-05
-0.1019999999999998 0.0214473627962148 0.021501669427379966 -5.4306631165165764e-05
-0.1015999999999999 0.0216511204759589 0.021535580046474934 0.00011554042948396653
-0.1011999999999999 0.0218018177011069 0.02156936004757881 0.0002324576535280877
-0.1008 0.0218279362436473 0.021603005239740014 0.00022493100390728535
-0.1003999999999998 0.021814230283523 0.021636520978063345 0.0001777093054596557
-0.0999999999999998 0.0215568881563941 0.02166990702971816 -0.00011301887332406182
-0.0995999999999999 0.0213967067985335 0.0217031619977206 -0.000306455199187098
-0.0991999999999999 0.021211778903226 0.02173629030585289 -0.0005245114026268885
-0.0988 0.0215997898456386 0.02176929567940533 -0.0001695058337667331
-0.0983999999999998 0.0219360840889413 0.021802175557240844 0.00013390853170045652
-0.0979999999999998 0.0221851883953917 0.021834927378222346 0.00035026101716935376
-0.0975999999999999 0.022205726918853 0.021867559757083654 0.0003381671617693448
-0.0971999999999999 0.0220630664122458 0.02190007036551833 0.0001629960467274677
-0.0968 0.0217831538798177 0.02193246060051024 -0.00014930672069253872
-0.0963999999999998 0.0216948266744793 0.02196473185904324 -0.00026990518456394136
-0.0959999999999998 0.0217600588889912 0.02199688833206892 -0.00023682944307772125
-0.0955999999999999 0.0219004004466467 0.02202892256900668 -0.00012852212235998223
-0.0951999999999999 0.0221391718266096 0.022060841089114547 7.83307374950526e-05
-0.0948 0.0222557516367589 0.022092646220698953 0.0001631054160599471
-0.0943999999999998 0.0222191905363531 0.02212433610111475 9.485443523835069e-05
-0.0939999999999998 0.0221426635239096 0.022155916318297386 -1.325279438778651e-05
-0.0935999999999999 0.02214551389576 0.022187379421666265 -4.186552590626502e-05
-0.0931999999999999 0.0221905337725397 0.02221873332746327 -2.8199554923568487e-05
-0.0928 0.022329701168045 0.022249974310398102 7.972685764689666e-05
-0.0923999999999998 0.0223725094394162 0.022281107027083635 9.140241233256477e-05
-0.0919999999999998 0.0223509038228835 0.022312126588076353 3.8777234807146205e-05
-0.0915999999999999 0.0223671746347186 0.022343041142448783 2.4133492269817758e-05
-0.0911999999999999 0.0223205599245443 0.022373846266418695 -5.328634187439646e-05
-0.0907999999999999 0.022299417496155 0.022404545219615102 -0.00010512772346010085
-0.0903999999999998 0.0223117571827617 0.02243513287976384 -0.000123375697002142
-0.0899999999999998 0.0224812650739091 0.022465618792921305 1.5646280987796635e-05
-0.0895999999999999 0.0226407302880717 0.022495996905490756 0.00014473338258094368
-0.0891999999999999 0.0226503810041011 0.022526273503899574 0.00012410750020152433
-0.0887999999999999 0.0225186637080301 0.022556439973413944 -3.7776265383843155e-05
-0.0883999999999998 0.0224981139034832 0.022586505860090256 -8.839195660705415e-05
-0.0879999999999998 0.022556516042671 0.022616469068452716 -5.995302578171505e-05
-0.0875999999999999 0.0226244134222397 0.022646325873211026 -2.1912450971325187e-05
-0.0871999999999999 0.0226716171762356 0.022676080465316772 -4.463289081171884e-06
-0.0867999999999999 0.0226871547490473 0.02270573261193931 -1.8577862892010105e-05
-0.0863999999999998 0.0227877753576211 0.022735284408554435 5.249094906666432e-05
-0.0859999999999998 0.0229162949471804 0.02276473375968635 0.0001515611874940495
-0.0855999999999999 0.0229993355189629 0.022794082295149565 0.0002052532238133349
-0.0851999999999999 0.0230341029285256 0.022823329083621502 0.00021077384490409898
-0.0847999999999999 0.0229938752479296 0.022852476686239243 0.00014139856169035833
-0.0843999999999998 0.0229391976149937 0.0228815246373415 5.767297765220045e-05
-0.0839999999999998 0.0228667046587161 0.02291046897880733 -4.376432009122952e-05
-0.0835999999999999 0.0228613724182489 0.02293931506574154 -7.794264749264035e-05
-0.0831999999999999 0.0230032203279437 0.02296806243248284 3.515789546086265e-05
-0.0827999999999999 0.0230072684939544 0.02299670921638608 1.0559277568319286e-05
-0.0823999999999998 0.0229985342850852 0.0230252577457577 -2.6723460672499477e-05
-0.0819999999999998 0.022987452417169 0.023053709883242846 -6.62574660738463e-05
-0.0815999999999999 0.0231220562977018 0.02308205864392221 3.999765377958944e-05
-0.0811999999999999 0.0232176578680813 0.023110309150069952 0.00010734871801134846
-0.0807999999999999 0.023186689723482 0.023138465825468302 4.822389801369814e-05
-0.0803999999999998 0.0231331568292955 0.02316652098670602 -3.336415741051965e-05
-0.0799999999999998 0.0231461483801056 0.023194478591904044 -4.8330211798442574e-05
-0.0795999999999999 0.0232057561013208 0.02322233817540109 -1.658207408029161e-05
-0.0791999999999999 0.0233407909122865 0.023250099504366517 9.06914079199829e-05
-0.0787999999999999 0.0233852837668685 0.02327776188030839 0.00010752188656010936
-0.0783999999999998 0.0234039734683788 0.023305329959839582 9.864350853921663e-05
-0.0779999999999998 0.0234208980632108 0.023332796525210142 8.810153800065806e-05
-0.0775999999999998 0.0234580302379788 0.023360166465863585 9.786377211521563e-05
-0.0771999999999999 0.0234320706465 0.023387443739920855 4.462690657914409e-05
-0.0767999999999999 0.0233887237069072 0.023414617171511054 -2.5893464603854444e-05
-0.0763999999999998 0.023407029958384 0.023441698169335723 -3.4668210951722955e-05
-0.0759999999999998 0.0234092104740967 0.023468679282814264 -5.946880871756516e-05
-0.0755999999999998 0.0234151737052638 0.023495562374591827 -8.038866932802771e-05
-0.0751999999999999 0.0235229273878176 0.023522348841652274 5.785461653258495e-07
-0.0747999999999999 0.0236856648811314 0.023549040080979466 0.00013662480015193268
-0.0743999999999998 0.0237504656590304 0.023575633531436324 0.00017483212759407743
-0.0739999999999998 0.0236520235379222 0.023602128494530916 4.989504339128481e-05
-0.0735999999999998 0.0235682918606431 0.023628528462722898 -6.023660207979745e-05
-0.0731999999999999 0.0235410618854723 0.02365482971072197 -0.00011376782524966794
-0.0727999999999999 0.023583513801527 0.023681033868342638 -9.75200668156366e-05
-0.0723999999999998 0.023670735150599 0.023707142798230052 -3.640764763105167e-05
-0.0719999999999998 0.0237380877890724 0.02373315510340035 4.932685672049547e-06
-0.0715999999999998 0.0237832807675717 0.023759070318192244 2.421044937945746e-05
-0.0711999999999999 0.0238051526859038 0.023784885182976723 2.026750292707588e-05
-0.0707999999999999 0.023834677557821 0.02381060807965696 2.4069478164041175e-05
-0.0704 0.0238805773137876 0.023836231790482998 4.434552330460223e-05
-0.0699999999999998 0.023944582912181 0.02386176004074514 8.282287143586073e-05
-0.0695999999999998 0.0239685335528257 0.023887188406661153 8.134514616454577e-05
-0.0691999999999999 0.0238880896205853 0.023912524804472923 -2.4435183887623613e-05
-0.0687999999999999 0.023932115344043 0.02393776341341436 -5.6480693713598096e-06
-0.0684 0.0239762531953147 0.02396290609613061 1.3347099184091854e-05
-0.0679999999999998 0.024017326254427 0.02398795075714588 2.9375497281117213e-05
-0.0675999999999998 0.0240152662912264 0.024012900656089187 2.365635137214356e-06
-0.0671999999999999 0.024029496512127 0.02403775369748473 -8.257185357730262e-06
-0.0667999999999999 0.0240077942760077 0.024062509182840586 -5.4714906832887406e-05
-0.0664 0.023966884158889 0.024087169440463185 -0.00012028528157418533
-0.0659999999999998 0.0240144366303097 0.024111735867336392 -9.729923702669202e-05
-0.0655999999999998 0.0241212304184645 0.02413620217703283 -1.4971758568328719e-05
-0.0651999999999999 0.024184388824106 0.024160577915608883 2.3810908497116923e-05
-0.0647999999999999 0.0242086993756901 0.02418485446833074 2.3844907359359818e-05
-0.0644 0.0241924934571849 0.02420903672464192 -1.6543267457019145e-05
-0.0639999999999998 0.0242224418921087 0.02423312235623598 -1.068046412728077e-05
-0.0635999999999998 0.0242735827392444 0.024257112992927432 1.6469746316968153e-05
-0.0631999999999999 0.0243289557768211 0.02428101049736142 4.794527945967825e-05
-0.0627999999999999 0.0243683891394186 0.024304811842739582 6.357729667901685e-05
-0.0624 0.024377203230268 0.024328518193215132 4.868503705286742e-05
-0.0619999999999998 0.0243391671001303 0.02435213141143322 -1.2964311302918197e-05
-0.0615999999999998 0.0243633916971395 0.024375647073611617 -1.225537647211658e-05
-0.0611999999999999 0.0243831563092434 0.024399070302024484 -1.591399278108238e-05
-0.0607999999999999 0.0244335792587308 0.024422401911579072 1.1177347151728606e-05
-0.0604 0.0244848741605592 0.024445636197924614 3.923796263458762e-05
-0.0599999999999998 0.0244831699411391 0.024468777352012694 1.439258912640587e-05
-0.0595999999999998 0.024507281749738 0.024491827934980392 1.545381475760721e-05
-0.0591999999999999 0.024500307662518 0.024514782475307584 -1.4474812789582597e-05
-0.0587999999999999 0.0245319095610748 0.02453764306847006 -5.733507395262044e-06
-0.0584 0.02462828657978 0.024560412275604904 6.787430417509732e-05
-0.0579999999999998 0.0246056588477108 0.024583090329542756 2.2568518168043783e-05
-0.0575999999999998 0.024614876169588 0.024605678278021514 9.197891566486288e-06
-0.0571999999999999 0.0246134482722083 0.0246281698346138 -1.4721562405499433e-05
-0.0567999999999999 0.0246388835629807 0.0246505718678236 -1.1688304842900205e-05
-0.0564 0.0246853934750982 0.024672881583683193 1.2511891415007553e-05
-0.0559999999999998 0.0247160759435686 0.024695098982192576 2.0976961376022868e-05
-0.0555999999999998 0.0247380411895827 0.024717230815440416 2.0810374142282706e-05
-0.0551999999999999 0.0247215170189533 0.024739268701523542 -1.775168257024326e-05
-0.0547999999999999 0.0247426197506014 0.024761216016486287 -1.859626588488622e-05
-0.0544 0.0247232180134329 0.024783077649772167 -5.9859636339268385e-05
-0.0539999999999998 0.0247704242427598 0.02480484521947801 -3.442097671821007e-05
-0.0535999999999998 0.0247957273181308 0.024826527573168278 -3.0800255037478214e-05
-0.0531999999999999 0.0248383706848646 0.02484811923932284 -9.748554458240133e-06
-0.0527999999999999 0.0248525218229321 0.02486962522380054 -1.710340086844009e-05
-0.0524 0.0249220689102875 0.024891041219234467 3.1027691053033685e-05
-0.0519999999999998 0.0249706073735872 0.024912369321100414 5.823805248678787e-05
-0.0515999999999998 0.0249757349026454 0.024933613720349967 4.212118229543135e-05
-0.0511999999999999 0.0249582905845898 0.024954769760370255 3.520824219546692e-06
-0.0507999999999999 0.0249485756723492 0.02497583848889917 -2.726281654997012e-05
-0.0504 0.0250147104523659 0.024996820837259293 1.788961510660811e-05
-0.0499999999999998 0.0250334775924313 0.025017719250172377 1.5758342258923724e-05
-0.0495999999999998 0.0250270297233146 0.02503853407688439 -1.1504353569790488e-05
-0.0491999999999999 0.0250003365455834 0.025059266132302582 -5.8929586719182886e-05
-0.0487999999999999 0.0250168174239634 0.025079909129999578 -6.309170603617867e-05
-0.0484 0.0250473938529115 0.025100472616031766 -5.307876312026644e-05
-0.0479999999999998 0.0250782774717397 0.02512095228303224 -4.267481129253958e-05
-0.0475999999999998 0.0251218252010058 0.025141349527984858 -1.9524326979058343e-05
-0.0471999999999999 0.0251327122373496 0.02516166283749044 -2.895060014083961e-05
-0.0467999999999999 0.0251445352575296 0.02518189826514572 -3.736300761611813e-05
-0.0464 0.0251399759510765 0.025202048709616065 -6.207275853956432e-05
-0.0459999999999998 0.0251497275687675 0.025222124182619154 -7.239661385165588e-05
-0.0455999999999998 0.025183551918666 0.025242114439606667 -5.856252094066719e-05
-0.0451999999999999 0.0252366587124167 0.025262027163989842 -2.53684515731413e-05
-0.0447999999999999 0.0252762096752189 0.025281861890107393 -5.652214888494239e-06
-0.0443999999999999 0.0253068723553028 0.02530161722097546 5.255134327340066e-06
-0.0439999999999998 0.0253024178572946 0.02532129327300936 -1.8875415714759286e-05
-0.0435999999999998 0.0252858112799845 0.025340892025269568 -5.508074528506879e-05
-0.0431999999999999 0.0253359073358216 0.02536041778512299 -2.4510449301389653e-05
-0.0427999999999999 0.0253548065491547 0.025379863218404353 -2.505666924965122e-05
-0.0423999999999999 0.0253737041905975 0.025399233913049102 -2.5529722451601844e-05
-0.0419999999999998 0.0253962782943343 0.025418529636226594 -2.2251341892293164e-05
-0.0415999999999998 0.0254309876208421 0.02543774642981589 -6.758808973789804e-06
-0.0411999999999999 0.0254431181364898 0.02545689418911934 -1.3776052629539681e-05
-0.0407999999999999 0.0254346636038642 0.02547596616204828 -4.1302558184078825e-05
-0.0403999999999999 0.0254341151646148 0.0254949654918164 -6.085032720160033e-05
-0.0399999999999998 0.0254624192795371 0.02551389206200838 -5.1472782471282535e-05
-0.0395999999999998 0.0255125812211841 0.025532743777148426 -2.016255596432731e-05
-0.0391999999999999 0.0255533186465383 0.025551526341587305 1.7923049509954714e-06
-0.0387999999999999 0.0255675770279655 0.02557023731060326 -2.660282637761968e-06
-0.0383999999999999 0.0255490343125957 0.025588877382688224 -3.9843070092523275e-05
-0.0379999999999998 0.0255763024159824 0.0256074481876567 -3.114577167430063e-05
-0.0375999999999998 0.025590154946272 0.025625948910601437 -3.579396432943846e-05
-0.0371999999999999 0.0256207200561244 0.025644381064921618 -2.3661008797217636e-05
-0.0367999999999999 0.0256437251595607 0.025662740226835012 -1.901506727431182e-05
-0.0363999999999999 0.0256505793646565 0.025681035709567368 -3.045634491086885e-05
-0.0359999999999998 0.0256703517857887 0.025699262274429202 -2.8910488640503107e-05
-0.0355999999999998 0.0256792105801312 0.025717418757267296 -3.820817713609537e-05
-0.0351999999999999 0.025686871649861 0.025735513889230788 -4.86422393697894e-05
-0.0347999999999999 0.0256970232791094 0.025753537891432643 -5.651461232324129e-05
-0.0343999999999999 0.0257301399887641 0.025771499727852643 -4.13597390885416e-05
-0.0339999999999998 0.0257684432833682 0.02578939509112388 -2.0951807755680008e-05
-0.0335999999999998 0.0258089506140487 0.025807222700677812 1.7279133708893168e-06
-0.0331999999999998 0.0258172598360438 0.025824989308603108 -7.729472559309114e-06
-0.0327999999999999 0.0258664144674376 0.025842689792625606 2.372467481199375e-05
-0.0323999999999999 0.0258625633696174 0.02586032683029771 2.2365393196922823e-06
-0.0319999999999998 0.02588407706793 0.025877901643980294 6.175423949705827e-06
-0.0315999999999998 0.0258642054297892 0.025895410566590726 -3.1205136801527866e-05
-0.0311999999999998 0.0258485579569891 0.025912859826348722 -6.430186935962173e-05
-0.0307999999999999 0.0258907942257935 0.025930244359187782 -3.9450133394281633e-05
-0.0303999999999999 0.0259351980145073 0.02594757144106552 -1.2373426558218853e-05
-0.0299999999999998 0.0259613250823653 0.02596483228262514 -3.5072002598397767e-06
-0.0295999999999998 0.0259597077019007 0.025982033752370626 -2.2326050469926445e-05
-0.0291999999999998 0.0259892562595819 0.025999177189078182 -9.920929496282094e-06
-0.0287999999999999 0.0260102211512254 0.026016255549620837 -6.03439839543668e-06
-0.0283999999999999 0.0260150418262161 0.026033276866655797 -1.823504043969512e-05
-0.0279999999999998 0.0260384294289266 0.026050237065646797 -1.1807636720196496e-05
-0.0275999999999998 0.0260538562243971 0.026067138591315597 -1.3282366918498933e-05
-0.0271999999999998 0.0260756228451714 0.026083977718371898 -8.354873200496632e-06
-0.0267999999999999 0.0260870409894262 0.026100762479472905 -1.3721490046705864e-05
-0.0263999999999999 0.0261010759411808 0.02611748338676989 -1.6407445589089464e-05
-0.0259999999999998 0.0261190200776771 0.026134146784897894 -1.5126707220793068e-05
-0.0255999999999998 0.0261537895621034 0.02615075296489522 3.0365972081801418e-06
-0.0251999999999998 0.0261721872801649 0.02616729965666309 4.887623501811239e-06
-0.0247999999999999 0.0261826027886105 0.026183790061622858 -1.1872730123589637e-06
-0.0243999999999999 0.0261970230678197 0.026200219697784632 -3.1966299649313634e-06
-0.0239999999999998 0.0262052221756869 0.02621659211581573 -1.1369940128829609e-05
-0.0235999999999998 0.0262232241059122 0.02623290626797825 -9.682162066051991e-06
-0.0231999999999998 0.0262191645991129 0.026249164307955652 -2.999970884275116e-05
-0.0227999999999999 0.0262466004883839 0.02626536216121167 -1.8761672827768278e-05
-0.0223999999999999 0.0262679113762523 0.026281502505298704 -1.3591129046402334e-05
-0.0219999999999997 0.0262819505150852 0.02629758493276313 -1.5634417677930917e-05
-0.0215999999999998 0.0262912062206575 0.026313611830119044 -2.240560946154338e-05
-0.0211999999999998 0.0263000205445545 0.026329579879529774 -2.955933497527513e-05
-0.0207999999999999 0.0263292762005921 0.026345491351094097 -1.621515050199626e-05
-0.0203999999999999 0.0263751377680999 0.026361343334428966 1.3794433670933498e-05
-0.0199999999999997 0.0264019657488197 0.026377136586233974 2.482916258572665e-05
-0.0195999999999998 0.026410177032451 0.026392874831799418 1.7302200651582444e-05
-0.0191999999999998 0.0264281045304819 0.026408551319036633 1.955321144526609e-05
-0.0187999999999999 0.0264138960878103 0.02642417384777218 -1.0277759961881128e-05
-0.0183999999999999 0.0264277413399173 0.026439733628649265 -1.1992288731964285e-05
-0.018 0.0264392762535283 0.026455236540641636 -1.596028711333547e-05
-0.0175999999999998 0.0264600860241212 0.0264706804882735 -1.0594464152302585e-05
-0.0171999999999998 0.0264721903406478 0.026486064831260592 -1.3874490612790502e-05
-0.0167999999999999 0.0265049211937753 0.02650138974422589 3.531449549409177e-06
-0.0163999999999999 0.0265208783465094 0.02651665627490729 4.22207160210783e-06
-0.016 0.0265413346969228 0.02653186276438646 9.471932536340294e-06
-0.0155999999999998 0.0265576247221781 0.026547010202193633 1.0614519984467746e-05
-0.0151999999999998 0.0265618287117792 0.026562094077235088 -2.653654558870677e-07
-0.0147999999999999 0.0265646364701681 0.026577118929708377 -1.2482459540275048e-05
-0.0143999999999999 0.0265957123848493 0.026592082489514723 3.6298953345753615e-06
-0.014 0.0265994629755406 0.026606981875374913 -7.5188998343127256e-06
-0.0135999999999998 0.0266248448964262 0.026621821569278836 3.0233271473625867e-06
-0.0131999999999998 0.0266452085019609 0.02663660002872348 8.608473237421699e-06
-0.0127999999999999 0.0266626978311629 0.02665131419780664 1.1383633356260026e-05
-0.0123999999999999 0.0266688918954348 0.026665962039260194 2.929856174605644e-06
-0.012 0.0266949315412281 0.026680548588046804 1.4382953181294594e-05
-0.0115999999999998 0.0267057009790524 0.02669506738311611 1.0633595936289375e-05
-0.0111999999999998 0.0267180518481145 0.026709523954195902 8.527893918596624e-06
-0.0107999999999999 0.0267336191272677 0.02672391611849889 9.703008768808391e-06
-0.0103999999999999 0.0267472843458429 0.026738235814264044 9.048531578854935e-06
-0.01 0.0267585570953601 0.026752493780804798 6.06331455530254e-06
-0.0095999999999998 0.026776827698426 0.026766681810840964 1.0145887585036317e-05
-0.0091999999999998 0.0267949114445012 0.026780801825225353 1.4109619275847612e-05
-0.0087999999999999 0.0268061005469147 0.02679485105909407 1.1249487820629012e-05
-0.0083999999999999 0.0268169512520574 0.02680883152061142 8.119731445981049e-06
-0.008 0.0268408127393384 0.026822742103831843 1.8070635506559074e-05
-0.0075999999999998 0.026865204024642 0.026836580291274004 2.862373336799673e-05
-0.0071999999999998 0.0268710299341256 0.026850346257560886 2.068367656471448e-05
-0.0067999999999999 0.0268863043185568 0.026864039231440984 2.226508711581504e-05
-0.0063999999999999 0.0268922436605891 0.026877655094722286 1.4588565866814618e-05
-0.006 0.0269120704614631 0.02689120291324798 2.0867548215119935e-05
-0.0055999999999998 0.0269216140608161 0.026904668688075617 1.694537274048169e-05
-0.0051999999999998 0.0269337369001332 0.026918062183540314 1.5674716592885968e-05
-0.0047999999999999 0.0269508134432361 0.026931373839033768 1.9439604202333566e-05
-0.0043999999999999 0.0269633660882344 0.02694460934435483 1.875674387957077e-05
-0.004 0.0269760735757871 0.0269577648723498 1.8308703437299595e-05
-0.0035999999999998 0.0269879378749878 0.02697083896782715 1.7098907160652266e-05
-0.0031999999999998 0.0269859282868244 0.026983834475686308 2.093811138092344e-06
-0.0027999999999999 0.0270073747736657 0.0269967429121607 1.0631861505003282e-05
-0.0023999999999999 0.0270205159063571 0.027009571480448358 1.0944425908741146e-05
-0.002 0.0270455821935465 0.02702231421790202 2.3267975644478828e-05
-0.0015999999999998 0.0270585063905571 0.027034971008106368 2.3535382450732417e-05
-0.0011999999999998 0.0270699060267317 0.027047538136685034 2.2367890046667144e-05
-0.0007999999999999 0.0270912468196782 0.027060018393967766 3.122842571043338e-05
-0.0003999999999999 0.0271032486623804 0.02707241055850318 3.083810387722111e-05
0.0 0.0271068006891293 0.02708471193909645 2.2088750032848298e-05
0.0003999999999999 0.0271233094272863 0.027096921158772602 2.6388268513696106e-05
0.0007999999999999 0.0271439019940028 0.02710903627848893 3.4865715513868883e-05
0.0012000000000003 0.0271590133223433 0.02712105887985672 3.795444248658186e-05
0.0016000000000002 0.0271700353190417 0.027132985975185875 3.704934385582656e-05
0.0020000000000002 0.0271829119690784 0.027144816041982267 3.809592709613438e-05
0.0024000000000001 0.0271958610485397 0.02715654903295217 3.931201558752748e-05
0.0028000000000001 0.0272131981322049 0.027168181724846363 4.501640735853768e-05
0.0032 0.0272229740764851 0.027179712560609914 4.326151587518562e-05
0.0036 0.0272239845381171 0.027191143701202236 3.284083691486306e-05
0.004 0.0272263651375652 0.027202468656469136 2.389648109606471e-05
0.0043999999999999 0.0272177807202909 0.0272136924759252 4.0882443657005996e-06
0.0047999999999999 0.0272362899759162 0.027224807025049813 1.1482950866385788e-05
0.0052000000000003 0.0272533267358719 0.027235814312007278 1.7512423864621263e-05
0.0056000000000002 0.0272743137131314 0.027246715864748694 2.7597848382705098e-05
0.0060000000000002 0.0272910382850083 0.027257503039436415 3.3535245571883476e-05
0.0064000000000001 0.0273060353898011 0.027268182806437835 3.785258336326536e-05
0.0068000000000001 0.0273143766780583 0.027278748151729815 3.562852632848362e-05
0.0072 0.0273198259629759 0.027289199308142997 3.0626654832902056e-05
0.0076 0.0273272420206455 0.027299534005578607 2.7708015066893465e-05
0.008 0.0273377917744168 0.027309747601975687 2.8044172441114845e-05
0.0083999999999999 0.0273525621157365 0.027319847256876528 3.2714858859972384e-05
0.0087999999999999 0.0273685678017918 0.027329822623869404 3.874517792239532e-05
0.0091999999999998 0.0273790801219543 0.02733968192478642 3.939819716788223e-05
0.0096000000000002 0.0273815526465091 0.027349412092007697 3.2140554501403074e-05
0.0100000000000002 0.02738398535077 0.027359021420124918 2.4963930645081206e-05
0.0104000000000001 0.0273875560760433 0.027368500974262133 1.905510178116729e-05
0.0108000000000001 0.0273938264670841 0.027377852413337678 1.597405374642244e-05
0.0112 0.0274074618941901 0.02738707748358138 2.0384410608722398e-05
0.0116 0.0274197327964225 0.02739617135375738 2.356144266511817e-05
0.012 0.027435990590142 0.027405131579143927 3.0859010998075115e-05
0.0123999999999999 0.0274500569494691 0.027413954900112003 3.610204935709793e-05
0.0127999999999999 0.0274586513220057 0.027422646759077907 3.600456292779386e-05
0.0131999999999998 0.0274654178460201 0.027431202586740255 3.4215259279844756e-05
0.0136000000000002 0.0274684914973908 0.02743961595115252 2.8875546238281424e-05
0.0140000000000002 0.0274641830565175 0.027447889297036454 1.6293759481044584e-05
0.0144000000000001 0.0274725257543527 0.027456022246042266 1.6503508310432985e-05
0.0148000000000001 0.0274859467028963 0.027464011509437114 2.1935193459186875e-05
0.0152000000000001 0.0274975564488896 0.027471857785712928 2.569866317667091e-05
0.0156 0.0275057990287881 0.027479556680191308 2.624234859679303e-05
0.016 0.027512409871699 0.027487107552587986 2.530231911101327e-05
0.0163999999999999 0.0275170825638812 0.02749450586270541 2.2576701175790886e-05
0.0167999999999999 0.0275201970453314 0.027501757605932653 1.843943939874859e-05
0.0171999999999998 0.0275187465256969 0.027508855098858476 9.8914268384237e-06
0.0176000000000002 0.0275266910981003 0.027515799505636096 1.0891592464205152e-05
0.0180000000000002 0.0275370881345171 0.027522588788997382 1.4499345519718154e-05
0.0184000000000001 0.0275446698248219 0.02752921835053712 1.5451474284777778e-05
0.0188000000000001 0.0275558411220578 0.027535693545360118 2.0147576697680802e-05
0.0192000000000001 0.0275647858299903 0.027542004769202322 2.2781060787978313e-05
0.0196 0.0275710627358182 0.02754815632943064 2.2906406387558642e-05
0.02 0.0275738188740591 0.027554145781323314 1.967309273578563e-05
0.0203999999999999 0.0275757559130657 0.027559968119021505 1.5787794044194725e-05
0.0207999999999999 0.0275802184029486 0.027565626602154225 1.4591800794376553e-05
0.0211999999999998 0.0275841079607646 0.027571116923354566 1.2991037410033796e-05
0.0216000000000002 0.0275872018495834 0.027576438209507614 1.076364007578448e-05
0.0220000000000002 0.0275922667850094 0.027581590053159744 1.0676731849654925e-05
0.0224000000000001 0.0275925098314055 0.02758657041704282 5.939414362679529e-06
0.0228000000000001 0.0275977799455929 0.02759137674001977 6.403205573130011e-06
0.0232000000000001 0.0276023877398122 0.02759601006982848 6.377669983719664e-06
0.0236 0.0276075479012079 0.027600465109571815 7.0827916360850784e-06
0.024 0.027612738458012 0.027604745351709425 7.993106302575659e-06
0.0243999999999999 0.0276150768071729 0.027608844975475222 6.2318316976783805e-06
0.0247999999999999 0.0276171380975293 0.02761276823002845 4.369867500849528e-06
0.0251999999999998 0.0276189103486257 0.027616506500635296 2.4038479904051058e-06
0.0256000000000002 0.0276224510278149 0.02762006426928565 2.3867585292498827e-06
0.0260000000000002 0.0276255293475623 0.027623436355497688 2.092992064613164e-06
0.0264000000000002 0.0276274633444367 0.027626624796539545 8.385478971542626e-07
0.0268000000000001 0.0276279883502951 0.02762962505221367 -1.6367019185677123e-06
0.0272000000000001 0.0276307548255258 0.027632440498564392 -1.6856730385914065e-06
0.0276 0.0276335456645902 0.027635066478978842 -1.5208143886412395e-06
0.028 0.0276350931863474 0.02763750305166468 -2.409865317281462e-06
0.0283999999999999 0.0276361104945829 0.0276397448615171 -3.6343669342006613e-06
0.0287999999999999 0.0276370669687487 0.027641799417324364 -4.732448575663073e-06
0.0291999999999998 0.0276371305021308 0.027643659617751837 -6.529115621035225e-06
0.0296000000000002 0.0276368973357426 0.027645321330055594 -8.42399431299351e-06
0.0300000000000002 0.0276380328357531 0.02764679043320939 -8.7575974562909e-06
0.0304000000000002 0.0276389855982633 0.02764806302729994 -9.077429036639245e-06
0.0308000000000001 0.0276397291583537 0.027649136201944202 -9.407043590502207e-06
0.0312000000000001 0.0276392468558886 0.027650011936202645 -1.0765080314046466e-05
0.0316 0.0276401735073995 0.02765068778535351 -1.0514277954010165e-05
0.032 0.0276405133906743 0.027651161362882704 -1.0647972208403106e-05
0.0323999999999999 0.0276393168533238 0.0276514352299273 -1.211837660350032e-05
0.0327999999999999 0.0276359911572098 0.027651504438836128 -1.5513281626328146e-05
0.0331999999999998 0.0276356110729507 0.027651372307445854 -1.5761234495155485e-05
0.0336000000000002 0.0276361688367292 0.0276510362746194 -1.4867437890201535e-05
0.0340000000000002 0.0276361319023028 0.027650494303088635 -1.4362400785835477e-05
0.0344000000000002 0.0276343156536433 0.02764974592719227 -1.5430273548971973e-05
0.0348000000000001 0.0276308686889703 0.027648789691738784 -1.7921002768483962e-05
0.0352000000000001 0.0276285745877482 0.027647626935504377 -1.905234775617659e-05
0.0356 0.0276279247904658 0.02764625393319875 -1.8329142732951414e-05
0.036 0.0276250710999227 0.02764467487577349 -1.9603775850789845e-05
0.0363999999999999 0.0276212396855942 0.02764288440812379 -2.164472252959293e-05
0.0367999999999999 0.0276181575911775 0.027640885673463345 -2.2728082285844442e-05
0.0371999999999999 0.0276137121343027 0.027638674713671207 -2.496257936850793e-05
0.0376000000000003 0.0276101321519031 0.027636250597424805 -2.611844552170492e-05
0.0380000000000002 0.0276074909257024 0.027633616933599114 -2.6126007896715847e-05
0.0384000000000002 0.0276018346209202 0.02763076755218208 -2.8932931261878986e-05
0.0388000000000001 0.0276038697905838 0.027627708506770432 -2.3838716186632553e-05
0.0392000000000001 0.0276038891527278 0.02762443362735212 -2.0544474624319825e-05
0.0396 0.0276000108966258 0.027620946639217436 -2.093574259163719e-05
0.04 0.0275911392263152 0.0276172433514148 -2.6104125099599834e-05
0.0403999999999999 0.0275824979226245 0.027613324113190174 -3.082619056567551e-05
0.0407999999999999 0.0275766745967807 0.02760919404681772 -3.2519450037019754e-05
0.0411999999999999 0.0275720352498641 0.027604843606241047 -3.280835637694754e-05
0.0416000000000003 0.0275695782823171 0.027600278262980282 -3.069998066318122e-05
0.0420000000000002 0.0275674897820562 0.027595499879680574 -2.8010097624372315e-05
0.0424000000000002 0.0275653726775787 0.027590501587837934 -2.5128910259235304e-05
0.0428000000000001 0.0275603855069774 0.02758528769481927 -2.4902187841870788e-05
0.0432000000000001 0.0275549574673771 0.027579857734963298 -2.4900267586197566e-05
0.0436 0.0275442327775809 0.027574209845624864 -2.99770680439633e-05
0.044 0.0275375347407537 0.027568347053602338 -3.0812312848637474e-05
0.0443999999999999 0.0275323574057439 0.02756226493511349 -2.9907529369588987e-05
0.0447999999999999 0.0275278102990284 0.02755596663337201 -2.8156334343609757e-05
0.0451999999999999 0.0275169430888431 0.02754945179913193 -3.250871028882829e-05
0.0456000000000003 0.0275070341606701 0.027542719151824713 -3.568499115461435e-05
0.0460000000000002 0.0274979259704244 0.02753576880786568 -3.7842837441279253e-05
0.0464000000000002 0.0274896805071822 0.027528599719516933 -3.89192123347315e-05
0.0468000000000001 0.0274839240098294 0.02752122050151229 -3.729649168288801e-05
0.0472000000000001 0.0274827343227081 0.02751361927948892 -3.088495678081962e-05
0.0476 0.0274774517897591 0.027505799778737128 -2.8347988978029426e-05
0.048 0.0274735825916654 0.02749776642303914 -2.4183831373737752e-05
0.0484 0.0274576847486747 0.027489514788612723 -3.183003993802169e-05
0.0487999999999999 0.0274497240868384 0.027481048717163503 -3.132463032510385e-05
0.0491999999999999 0.0274339024566572 0.027472366113215685 -3.846365655848366e-05
0.0496000000000003 0.0274143485882283 0.027463468839414418 -4.9120251186116765e-05
0.0500000000000002 0.0274076073016799 0.027454354101791978 -4.6746800112077574e-05
0.0504000000000002 0.0274122881319713 0.027445030165836215 -3.2742033864916614e-05
0.0508000000000001 0.0274040974193203 0.027435488300397992 -3.139088107769264e-05
0.0512000000000001 0.0273939137221573 0.02742573234718293 -3.1818625025627906e-05
0.0516 0.0273812380109303 0.027415764518082142 -3.452650715184136e-05
0.052 0.027370843210933 0.027405580738559365 -3.473752762636617e-05
0.0524 0.0273566637465496 0.027395184966735542 -3.852122018594209e-05
0.0527999999999999 0.0273577283515959 0.02738457976374775 -2.685141215185219e-05
0.0531999999999999 0.0273496234154002 0.027373758610337973 -2.4135194937772303e-05
0.0536000000000003 0.0273346098732552 0.027362729888409376 -2.812001515417606e-05
0.0540000000000002 0.0273213003326727 0.027351489174179733 -3.018884150703116e-05
0.0544000000000002 0.0273010413763968 0.027340039727278054 -3.899835088125303e-05
0.0548000000000001 0.0272798261731954 0.027328382362611592 -4.8556189416192747e-05
0.0552000000000001 0.0272875105212034 0.02731651160866022 -2.9001087456820285e-05
0.0556 0.0272730733722965 0.0273044363129884 -3.136294069189943e-05
0.056 0.0272591724733219 0.027292153681628406 -3.298120830650536e-05
0.0564 0.0272462307402839 0.027279665460810065 -3.343472052616536e-05
0.0567999999999999 0.0272391818739534 0.027266969438642263 -2.778756468886298e-05
0.0571999999999999 0.0272285007404088 0.02725407073739916 -2.5569996990361388e-05
0.0576000000000003 0.0272129809301065 0.027240967145189643 -2.7986215083142946e-05
0.0580000000000002 0.0271953150549418 0.027227657730691135 -3.2342675749336136e-05
0.0584000000000002 0.0271823634178954 0.027214150759391487 -3.178734149608675e-05
0.0588000000000001 0.027177296327726 0.027200437267310917 -2.314093958491817e-05
0.0592000000000001 0.0271739926934235 0.02718652575276792 -1.2533059344420339e-05
0.0596000000000001 0.0271597642775582 0.027172410278581083 -1.264600102288127e-05
0.06 0.0271428465769767 0.027158101787790656 -1.5255210813955311e-05
0.0604 0.0271312022149106 0.02714359143283218 -1.2389217921581624e-05
0.0607999999999999 0.0271155734819096 0.02712888189125806 -1.3308409348461447e-05
0.0611999999999999 0.0270953867602394 0.027113980031572282 -1.859327133288402e-05
0.0615999999999998 0.0270732276278243 0.027098881313577294 -2.5653685752993066e-05
0.0620000000000002 0.0270521741980096 0.027083586785010993 -3.141258700139343e-05
0.0624000000000002 0.027045396395183 0.027068099821917713 -2.2703426734712456e-05
0.0628000000000001 0.0270316445662342 0.027052418561652303 -2.077399541810382e-05
0.0632000000000001 0.0270316672525338 0.02703654521610588 -4.877963572076649e-06
0.0636000000000001 0.0270163742643096 0.027020484558306634 -4.110293997033193e-06
0.064 0.0269877960417898 0.02700423018541187 -1.6434143622071767e-05
0.0644 0.0269702209103055 0.02698779117781669 -1.7570267511188287e-05
0.0647999999999999 0.0269538249136101 0.026971162296831608 -1.7337383221509295e-05
0.0651999999999999 0.0269404033472927 0.026954347267746925 -1.3943920454225628e-05
0.0655999999999998 0.0269450219440054 0.026937344227917492 7.677716087908792e-06
0.0660000000000002 0.0269356046963199 0.026920156553387642 1.5448142932257547e-05
0.0664000000000002 0.0269103230731854 0.02690278785303235 7.535220153048056e-06
0.0668000000000001 0.0268747137964868 0.02688523370306939 -1.051990658258728e-05
0.0672000000000001 0.0268635379599889 0.026867498992942274 -3.961032953372912e-06
0.0676000000000001 0.0268465951524326 0.02684958663303405 -2.991480601451796e-06
0.068 0.0268325486211034 0.026831489522010088 1.0590990933111166e-06
0.0684 0.0268132578483961 0.026813216973096132 4.087529996768535e-08
0.0687999999999999 0.0267879194357917 0.026794764446094632 -6.845010302930499e-06
0.0691999999999999 0.0267641459899371 0.02677613601554185 -1.1990025604750876e-05
0.0695999999999998 0.0267522933529688 0.026757331448607147 -5.038095638346812e-06
0.0700000000000002 0.0267357256603775 0.026738350745290518 -2.6250849130167453e-06
0.0704000000000002 0.026726150756643 0.026719199726358056 6.9510302849427885e-06
0.0708000000000002 0.0267423961582123 0.026699874899350107 4.2521258862192324e-05
0.0712000000000001 0.0267079919142901 0.026680377777665854 2.761413662424536e-05
0.0716000000000001 0.0266819423800975 0.026660706382244825 2.123599785267341e-05
0.072 0.026652420003126 0.026640869211405516 1.1550791720483372e-05
0.0724 0.0266218970251121 0.026620862307026982 1.0347180851161264e-06
0.0727999999999999 0.0266091498769343 0.026600684272125363 8.46560480893821e-06
0.0731999999999999 0.0265950679737841 0.026580340461805463 1.4727511978635671e-05
0.0735999999999998 0.0265499797370982 0.026559831807389855 -9.852070291655607e-06
0.0740000000000002 0.0265468947327579 0.02653915691189468 7.737820863221861e-06
0.0744000000000002 0.0265131576019048 0.02651831484399736 -5.157242092559966e-06
0.0748000000000002 0.0265242514090685 0.026497308863326907 2.6942545741592827e-05
0.0752000000000001 0.0265195084558579 0.026476141763851047 4.336669200685414e-05
0.0756000000000001 0.0265069094408495 0.026454811915755272 5.209752509422946e-05
0.076 0.0264652865886472 0.0264333204831928 3.196610545440001e-05
0.0764 0.0264246327701994 0.026411665370687842 1.2967399511558397e-05
0.0767999999999999 0.0263999236526312 0.02638985449448228 1.006915814892248e-05
0.0771999999999999 0.026379448487506 0.026367881102487445 1.1567385018555754e-05
0.0775999999999998 0.0263612964717845 0.026345751015469432 1.5545456315067818e-05
0.0780000000000002 0.0263513236159812 0.02632346167229116 2.786194369003986e-05
0.0784000000000002 0.0263322012436706 0.026301012374460697 3.118886920990341e-05
0.0788000000000002 0.0263320863055452 0.02627840917557478 5.3677129970421816e-05
0.0792000000000001 0.0263095931131491 0.026255648117512465 5.394499563663585e-05
0.0796000000000001 0.0262737409640743 0.02623272966593504 4.101129813926033e-05
0.08 0.0262105189362809 0.026209660340100527 8.585961803718456e-07
0.0804 0.0261784788599989 0.026186433155089617 -7.95429509071674e-06
0.0807999999999999 0.0261861201020942 0.026163052301853895 2.306780024030619e-05
0.0811999999999999 0.0261761140682322 0.026139513356611133 3.660071162106884e-05
0.0815999999999999 0.0261606149454973 0.026115824235603213 4.479070989408737e-05
0.0820000000000003 0.0261330422886659 0.02609198074787855 4.106154078734742e-05
0.0824000000000002 0.0261131000353224 0.026067983359098434 4.5116676223967006e-05
0.0828000000000002 0.026087049385936 0.026043832767754793 4.321661818120631e-05
0.0832000000000001 0.0260617611132701 0.026019530836492777 4.223027677732402e-05
0.0836000000000001 0.0260354600457644 0.02599507407285273 4.0385972911668316e-05
0.084 0.0259987233574842 0.025970470625907183 2.825273157701716e-05
0.0844 0.0259739670831103 0.025945709086954594 2.8257996155706816e-05
0.0847999999999999 0.0259468387138818 0.02592079807072878 2.6040643153021903e-05
0.0851999999999999 0.0259275121734806 0.02589573315344751 3.177902003309238e-05
0.0855999999999999 0.0259283792577914 0.025870514335110784 5.786492268061716e-05
0.0860000000000003 0.0258705997331771 0.02584514580667019 2.5453926506911057e-05
0.0864000000000002 0.0258617097476992 0.025819624308496714 4.208543920248761e-05
0.0868000000000002 0.0258407314100571 0.025793948210775852 4.678319928124938e-05
0.0872000000000001 0.0258268488732312 0.025768120540305972 5.872833292522653e-05
0.0876000000000001 0.0258010171665626 0.025742143159732223 5.887400683037697e-05
0.088 0.0257762554217447 0.02571600559167564 6.024983006906043e-05
0.0884 0.0257257432286417 0.02568971924483776 3.60239838039407e-05
0.0887999999999999 0.0256678644075973 0.025663277134299278 4.587273298023442e-06
0.0891999999999999 0.025641010204309 0.02563667926006019 4.330944248807922e-06
0.0895999999999999 0.0256270741302561 0.025609929347410798 1.714478284530266e-05
0.0900000000000003 0.0255863805805098 0.02558302297256887 3.357607940929208e-06
0.0904000000000002 0.0255748817358373 0.025555961532518268 1.892020331903388e-05
0.0908000000000002 0.0255572969827442 0.025528738740831614 2.855824191258516e-05
0.0912000000000001 0.0255458491484273 0.025501360185444355 4.4488962982945635e-05
0.0916000000000001 0.0255403863287612 0.025473825866356492 6.65604624047085e-05
0.092 0.0254827747714641 0.025446130195632577 3.6644575831523696e-05
0.0924 0.025422689006311 0.025418275967240334 4.413039070665092e-06
0.0928 0.0253923042650648 0.02539025992155075 2.0443435140501953e-06
0.0931999999999999 0.0253682257938426 0.025362083688378334 6.14210546426644e-06
0.0935999999999999 0.0253543200968638 0.025333745637908578 2.0574458955223418e-05
0.0940000000000003 0.0253658837848708 0.02530524181202054 6.064197285025885e-05
0.0944000000000002 0.0253460488383561 0.025276574306190014 6.947453216608543e-05
0.0948000000000002 0.0253008605563756 0.025247741490602493 5.311906577310649e-05
0.0952000000000001 0.0252492625342588 0.02521874033845961 3.052219579918747e-05
0.0956000000000001 0.0252034877138883 0.025189571315422654 1.391639846564513e-05
0.096 0.0251707659184656 0.02516023558564484 1.0530332820758714e-05
0.0964 0.0251397858353848 0.025130725232884288 9.060602500512993e-06
0.0968 0.025109045620244 0.025101045845076442 7.999775167556733e-06
0.0971999999999999 0.0251129937140175 0.025071190670132637 4.180304388486447e-05
0.0975999999999999 0.0251190681725413 0.02504115831106901 7.790986147228687e-05
0.0980000000000003 0.0250707000263234 0.025010954588651657 5.9745437671742535e-05
0.0984000000000002 0.0249831551854782 0.024980569491162896 2.5856943153025613e-06
0.0988000000000002 0.0249449198971178 0.02495000511407852 -5.0852169607221165e-06
0.0992000000000001 0.0249287251592127 0.02491926378570497 9.461373507730492e-06
0.0996000000000001 0.0249211085150474 0.02488833386451006 3.277465053734205e-05
0.1 0.0249160435877788 0.024857218377292156 5.8825210486643936e-05
0.1004 0.02487562176269 0.024825916392728686 4.970536996131217e-05
0.1008 0.0248332509612854 0.024794431403279305 3.8819558006095156e-05
0.1011999999999999 0.0247803742410234 0.024762751068919897 1.762317210350292e-05
0.1015999999999999 0.0247567284985373 0.024730880511924624 2.5847986612675955e-05
0.1020000000000003 0.0247429652878861 0.02469881414435804 4.415114352806018e-05
0.1024000000000002 0.0247361550135885 0.024666549870744348 6.960514284415353e-05
0.1028000000000002 0.0247291920264974 0.02463408885523677 9.510317126062984e-05
0.1032000000000001 0.0246460085522667 0.024601426208391786 4.4582343874916e-05
0.1036000000000001 0.0245693597738208 0.024568561231717467 7.985421033342155e-07
0.104 0.0245279818993711 0.02453549182973802 -7.5099303669216855e-06
0.1044 0.0245038997896076 0.024502212414518 1.6873750896019557e-06
0.1048 0.024473818676119 0.024468723917379975 5.094758739023625e-06
0.1051999999999999 0.0244166542282568 0.024435026803985238 -1.8372575728439755e-05
0.1055999999999999 0.0243537572114489 0.024401109665632248 -4.7352454183347686e-05
0.1060000000000003 0.0243684616119685 0.02436698228120804 1.4793307604628325e-06
0.1064000000000002 0.0243732031839665 0.02433263137936592 4.057180460058027e-05
0.1068000000000002 0.0243357208158016 0.024298059288412333 3.7661527389269006e-05
0.1072000000000001 0.0242714014236097 0.02426326274871826 8.138674891439157e-06
0.1076000000000001 0.0242012116533614 0.024228241527453065 -2.7029874091664963e-05
0.1080000000000001 0.0240757313049224 0.02419298980385065 -0.00011725849892825144
0.1084 0.0241348189033223 0.024157504318282008 -2.268541495970694e-05
0.1088 0.0241804345311991 0.024121785769239068 5.8648761960031215e-05
0.1091999999999999 0.0241948019233202 0.0240858297329396 0.00010897219038059902
0.1095999999999999 0.024064819436172 0.02404963644221425 1.5182993957748442e-05
0.1100000000000003 0.0239755547565864 0.024013196118175983 -3.7641361589582645e-05
0.1104000000000002 0.0239574537434717 0.02397651271894574 -1.90589754740407e-05
0.1108000000000002 0.0238897073491156 0.023939579958096147 -4.987260898054596e-05
0.1112000000000001 0.0238538496223849 0.02390239736996591 -4.8547747581010464e-05
0.1116000000000001 0.0238435553357129 0.02386495959945023 -2.140426373732976e-05
0.1120000000000001 0.0238374580875939 0.02382726618088782 1.0191906706081416e-05
0.1124 0.0237910433848313 0.023789313854649663 1.7295301816371011e-06
0.1128 0.02372047196119 0.023751100758090615 -3.0628796900616234e-05
0.1131999999999999 0.0235869151298154 0.023712619207799435 -0.0001257040779840332
0.1135999999999999 0.0235686563213097 0.023673874093219638 -0.00010521777190993647
0.1140000000000003 0.0235301509365708 0.023634853772819042 -0.00010470283624824245
0.1144000000000002 0.0235855075031488 0.023595563136041164 -1.0055632892365385e-05
0.1148000000000002 0.0234941373686155 0.02355599426664412 -6.185689802861924e-05
0.1152000000000001 0.0234469044674797 0.023516147397458553 -6.924292997885495e-05
0.1156000000000001 0.0233943509240849 0.02347601647488773 -8.166555080282856e-05
0.1160000000000001 0.0234082147546144 0.023435600334778428 -2.7385580164029227e-05
0.1164 0.0233595600133211 0.02339489827863872 -3.533826531762138e-05
0.1168 0.0233487258580764 0.023353903321549296 -5.17746347289752e-06
0.1171999999999999 0.0232911302849645 0.02331261453218758 -2.1484247223080982e-05
0.1175999999999999 0.0232809078886506 0.023271030513569713 9.877375080888373e-06
0.1179999999999998 0.0231958688564997 0.02322914474643767 -3.3275889937969816e-05
0.1184000000000002 0.0231874773035865 0.02318696049042046 5.16813166040464e-07
0.1188000000000002 0.0231417903530228 0.02314447029493749 -2.6799419146905645e-06
0.1192000000000002 0.023113491433411 0.02310167159885168 1.1819834559320674e-05
0.1196000000000001 0.0230094641400771 0.023058558581396937 -4.909444131983784e-05
0.1200000000000001 0.022958500191453 0.023015136132016778 -5.6635940563778964e-05
0.1204 0.0229437782752317 0.022971395635977387 -2.7617360745687408e-05
0.1208 0.0228946088549266 0.022927337558940053 -3.27287040134544e-05
0.1211999999999999 0.0228264108510626 0.02288295468315482 -5.654383209222069e-05
0.1215999999999999 0.0227316665505268 0.022838250501081347 -0.00010658395055454864
0.1219999999999998 0.022692139173606 0.02279321593232453 -0.00010107675871852753
0.1224000000000002 0.0226872982547342 0.022747855400666595 -6.055714593239392e-05
0.1228000000000002 0.0226558402431956 0.022702161222696304 -4.632097950070524e-05
0.1232000000000002 0.0226426441714031 0.022656132001429796 -1.3487830026696207e-05
0.1236000000000001 0.0226462152180938 0.022609765641391277 3.644957670252344e-05
0.1240000000000001 0.0226012906981542 0.02256306097842753 3.822971972667136e-05
0.1244 0.0225192921413547 0.02251601405441761 3.2780869370883925e-06
0.1248 0.0223825259878281 0.02246862230822444 -8.609632039633872e-05
0.1251999999999999 0.022251871297915 0.02242088201455772 -0.00016901071664271808
0.1255999999999999 0.0221804572980159 0.022372794803231955 -0.00019233750521605378
0.1259999999999999 0.022258368865617 0.022324353456497192 -6.598459088019357e-05
0.1264000000000003 0.0224166752143312 0.02227556030265987 0.00014111491167132992
0.1268000000000002 0.0223320846227783 0.022226410917937756 0.00010567370484054414
0.1272000000000002 0.0221558993822857 0.022176904836669564 -2.100545438386489e-05
0.1276000000000001 0.0220183252641975 0.02212703973054886 -0.00010871446635135965
0.1280000000000001 0.0219374699615215 0.02207681001164019 -0.00013934005011869213
0.1284 0.0217852696038293 0.022026217775419354 -0.0002409481715900559
0.1288 0.0217259070826339 0.021975260926410556 -0.00024935384377665695
0.1291999999999999 0.0218782004142227 0.021923935739323497 -4.5735325100795116e-05
0.1295999999999999 0.0219468288623199 0.021872241515666246 7.458734665365466e-05
0.1299999999999999 0.0219047247163599 0.021820176392793655 8.45483235662435e-05
0.1304000000000003 0.0218603717553939 0.021767739206552505 9.263254884139469e-05
0.1308000000000002 0.0217873717890744 0.02171492832712829 7.244346194610826e-05
0.1312000000000002 0.0216759143775741 0.021661740029230714 1.41743483433876e-05
0.1316000000000001 0.0216196381798096 0.021608178736642003 1.1459443167598227e-05
0.1320000000000001 0.0215250709226756 0.021554235368967056 -2.916444629145684e-05
0.1324 0.0213533585289512 0.02149991481564939 -0.00014655628669818857
0.1328 0.0213062275988125 0.02144521288573742 -0.00013898528692491904
0.1331999999999999 0.0212950395096696 0.021390129812061787 -9.509030239218674e-05
0.1335999999999999 0.0213408898939981 0.0213346634991467 6.2263948513996414e-06
0.1339999999999999 0.0213391798252594 0.021278814412653446 6.03654126059526e-05
0.1344000000000003 0.0213991715270196 0.02122258022427559 0.00017659130274401066
0.1348000000000002 0.0213713518241772 0.021165957441553473 0.00020539438262372547
0.1352000000000002 0.0211533283893005 0.021108947694301605 4.4380694998895354e-05
0.1356000000000001 0.0208639852832512 0.02105155773460865 -0.00018757245135745185
0.1360000000000001 0.0207958489095664 0.020993775688111782 -0.000197926778545382
0.1364 0.0208791136208494 0.020935601787641644 -5.648816679224358e-05
0.1368 0.021033800114181 0.02087704697623849 0.00015675313794251064
0.1372 0.0210593261399121 0.020818094722926617 0.00024123141698548234
0.1375999999999999 0.0208300488027224 0.020758757600560784 7.129120216161494e-05
0.1379999999999999 0.0204575739872583 0.02069902839139104 -0.00024145440413273975
0.1384000000000003 0.0201220994323771 0.020638911053538322 -0.0005168116211612221
0.1388000000000002 0.0203471443472447 0.02057840209454298 -0.00023125774729828089
0.1392000000000002 0.0206382074960733 0.020517501747235656 0.0001207057488376434
0.1396000000000001 0.0207026141669073 0.020456210942938924 0.00024640322396837777
0.1400000000000001 0.0206553069751876 0.020394528517499566 0.000260778457688033
0.1404 0.0205608784977818 0.0203324556350708 0.00022842286271099882
0.1408 0.0203642043502929 0.020269992062821984 9.42122874709149e-05
0.1412 0.020206544558825 0.020207138964906335 -5.944060813348195e-07
0.1415999999999999 0.0200224482157713 0.020143892150372267 -0.00012144393460096839
0.1419999999999999 0.0198880554329783 0.02008025743998587 -0.00019220200700757056
0.1424000000000003 0.0200022960956371 0.02001623366959393 -1.393757395682857e-05
0.1428000000000002 0.0199587091726753 0.019951820373535156 6.8887991401429816e-06
0.1432000000000002 0.0198270085558271 0.019887014525011182 -6.0005969184082075e-05
0.1436000000000001 0.0197113561137493 0.019821819616481662 -0.00011046350273236083
0.1440000000000001 0.0196348046740358 0.0197562372777611 -0.0001214326037253001
0.1444 0.0196472435873957 0.019690264016389847 -4.3020428994147014e-05
0.1448 0.0197259435189468 0.019623906817287207 0.0001020367016595948
0.1452 0.0196370834230388 0.019557157764211297 7.992565882750449e-05
0.1455999999999999 0.0195851379564201 0.019490020582452416 9.511737396768194e-05
0.1459999999999999 0.0194111185264146 0.019422496668994427 -1.1378142579825806e-05
0.1464000000000003 0.0192929071442714 0.019354586955159903 -6.167981088850416e-05
0.1468000000000002 0.0191967518927057 0.019286285853013396 -8.953396030769722e-05
0.1472000000000002 0.0191334272078972 0.019217600114643574 -8.417290674637284e-05
0.1476000000000001 0.0192289244531879 0.01914852950721979 8.039494596810692e-05
0.1480000000000001 0.0192885470023694 0.019079071702435613 0.00020947529993378677
0.1484000000000001 0.0193266474443997 0.019009223207831383 0.0003174242365683172
0.1488 0.0190653018288985 0.018938992638140917 0.00012630919075758487
0.1492 0.0188296468179059 0.018868370447307825 -3.8723629401923865e-05
0.1495999999999999 0.0185253820299328 0.01879736501723528 -0.00027198298730247983
0.1499999999999999 0.0185123381909592 0.018725968431681395 -0.00021363024072219503
0.1504000000000003 0.0186745925070456 0.018654188606888056 2.0403900157544425e-05
0.1508000000000002 0.0188314554666948 0.018582016695290804 0.00024943877140399737
0.1512000000000002 0.0188193712285096 0.018509457586333156 0.0003099136421764459
0.1516000000000001 0.0185796676216467 0.01843650732189417 0.00014316029975253164
0.1520000000000001 0.0183605818292666 0.018363164737820625 -2.5829085540246544e-06
0.1524000000000001 0.0181978250019164 0.01828943146392703 -9.160646201063216e-05
0.1528 0.0181849207510856 0.018215302377939224 -3.0381626853624027e-05
0.1532 0.0181590782760569 0.01814077701419592 1.830126186098263e-05
0.1535999999999999 0.0178200451214166 0.018065850716084242 -0.00024580559466764323
0.1539999999999999 0.0177545435539767 0.017990531865507364 -0.00023598831153066532
0.1544000000000003 0.0180077861527895 0.017914806492626667 9.29796601628341e-05
0.1548000000000002 0.0180939905422281 0.017838675528764725 0.00025531501346337526
0.1552000000000002 0.0182254235082153 0.017762139439582825 0.000463284068632476
0.1556000000000001 0.0183522726515533 0.017685188446193933 0.0006670842053593667
0.1560000000000001 0.0182433324174682 0.017607823945581913 0.0006355084718862869
0.1564000000000001 0.0177863981033097 0.01753004500642419 0.00025635309688551086
0.1568 0.0172925450026835 0.01745183812454343 -0.00015929312185992972
0.1572 0.0170080797907173 0.01737320050597191 -0.00036512071525460904
0.1575999999999999 0.0168760980938987 0.017294132616370916 -0.00041803452247221595
0.1579999999999999 0.0169569096757713 0.017214625608175993 -0.00025771593240469376
0.1584000000000003 0.0168983372018318 0.017134671099483967 -0.00023633389765216617
0.1588000000000002 0.016886444275482 0.017054267693310976 -0.00016782341782897725
0.1592000000000002 0.0170998893818465 0.016973404679447412 0.00012648470239908643
0.1596000000000002 0.0168923267236301 0.016892073210328817 2.5351330128209337e-07
0.1600000000000001 0.016473242264311 0.016810270491987467 -0.0003370282276764676
0.1604000000000001 0.0166426951950438 0.01672797929495573 -8.528409991193087e-05
0.1608 0.0167695472186676 0.016645194962620735 0.00012435225604686545
0.1612 0.0170127954203868 0.016561910044401884 0.0004508853759849149
0.1615999999999999 0.0173221151525228 0.016478105913847685 0.0008440092386751141
0.1619999999999999 0.0172529747580175 0.016393779311329126 0.0008591954466883739
0.1624000000000003 0.0169379344201821 0.01630891114473343 0.0006290232754486702
0.1628000000000002 0.0162855735909628 0.01622349349781871 6.208009314409221e-05
0.1632000000000002 0.0157910320880636 0.016137507744133472 -0.0003464756560698709
0.1636000000000002 0.0155135329245967 0.016050943173468113 -0.0005374102488714134
0.1640000000000001 0.0153952996012552 0.01596378069370985 -0.0005684810924546507
0.1644000000000001 0.0155277666471409 0.01587600540369749 -0.00034823875655659066
0.1648 0.0157652807123159 0.01578760100528598 -2.2320292970078037e-05
0.1652 0.0158347125163366 0.015698542818427086 0.0001361696979095134
0.1655999999999999 0.0158083352929686 0.015608818270266056 0.00019951702270254446
0.1659999999999999 0.0156094955397275 0.015518399886786938 9.10956529405621e-05
0.1664000000000003 0.0153606733044863 0.015427271369844675 -6.659806535837427e-05
0.1668000000000002 0.0152037646473509 0.015335405245423317 -0.00013164059807241682
0.1672000000000002 0.0152761813576131 0.015242781955748796 3.3399401864303915e-05
0.1676000000000002 0.0151779532387775 0.015149372164160013 2.858107461748728e-05
0.1680000000000001 0.0150805278455391 0.015055147930979729 2.5379914559371664e-05
0.1684000000000001 0.0150659702377545 0.014960081782191992 0.00010588845556250802
0.1688 0.0150940651033823 0.01486414484679699 0.00022992025658531007
0.1692 0.0148951544353385 0.014767303597182035 0.0001278508381564649
0.1695999999999999 0.0145082867118834 0.01466952683404088 -0.0001612401221574803
0.1699999999999999 0.014305787196492 0.014570779167115688 -0.0002649919706236882
0.1703999999999998 0.0142882834188779 0.014471022877842188 -0.00018273945896428792
0.1708000000000002 0.0143594145269379 0.014370225835591555 -1.0811308653654178e-05
0.1712000000000002 0.0144386035371421 0.014268340077251196 0.0001702634598909035
0.1716000000000002 0.0142825405788051 0.014165331609547138 0.00011720896925796094
0.1720000000000001 0.013802096225962 0.014061152469366789 -0.0002590562434047882
0.1724000000000001 0.013493238290919 0.01395575562492013 -0.00046251733400112967
0.1728 0.0135267450929289 0.01384909963235259 -0.00032235453942369013
0.1732 0.0137728825478435 0.01374113094061613 3.175160722736908e-05
0.1735999999999999 0.0144462253380713 0.013631794601678848 0.0008144307363924519
0.1739999999999999 0.0139946530194488 0.013521044980734587 0.00047360803871421275
0.1743999999999999 0.0134245466513663 0.013408819679170847 1.5726972195453243e-05
0.1748000000000003 0.0130543872475848 0.013295062817633152 -0.0002406755700483515
0.1752000000000002 0.0133859142191056 0.013179709669202566 0.00020620454990303433
0.1756000000000002 0.0133238522462943 0.013062701560556889 0.0002611506857374112
0.1760000000000001 0.0129628041990282 0.012943968642503023 1.883555652517667e-05
0.1764000000000001 0.0124288506057862 0.012823442928493023 -0.00039459232270682223
0.1768 0.0118445556458887 0.01270105317234993 -0.00085649752646123
0.1772 0.0118028087801999 0.012576720677316189 -0.0007739118971162896
0.1775999999999999 0.0120514948937313 0.012450375128537416 -0.0003988802348061163
0.1779999999999999 0.0120813581147353 0.012321926653385162 -0.0002405685386498626
0.1783999999999999 0.0119326982357548 0.012191300746053457 -0.00025860251029865763
0.1788000000000003 0.0118413756787942 0.012058405671268702 -0.00021702999247450241
0.1792000000000002 0.0124376204443332 0.011923155281692743 0.0005144651626404571
0.1796000000000002 0.0124017115241011 0.011785444803535938 0.0006162667205651621
0.1800000000000001 0.0113775271020033 0.011645189952105284 -0.0002676628501019837
0.1804000000000001 0.0107558832352114 0.0115022799000144 -0.0007463966648030007
0.1808 0.010638568048684 0.011356617324054241 -0.0007180492753702406
0.1812 0.0110928992494182 0.01120808906853199 -0.0001151898191137906
0.1815999999999999 0.0116309789269773 0.011056583374738693 0.0005743955522386074
0.1819999999999999 0.0118690382903553 0.010901985224336386 0.000967053066018915
0.1823999999999999 0.0112508985538478 0.010744172148406506 0.0005067264054412941
0.1828000000000003 0.0110136690687209 0.010583019815385342 0.0004306492533355591
0.1832000000000002 0.0105976936771857 0.010418397840112448 0.00017929583707325218
0.1836000000000002 0.0098558134799729 0.01025017211213708 -0.00039435863216417955
0.1840000000000001 0.0092899768778973 0.010078208055347204 -0.0007882311774499041
0.1844000000000001 0.0094460509449889 0.009902357123792171 -0.0004563061788032709
0.1848 0.0092689438366622 0.009722473565489054 -0.00045352972882685416
0.1852 0.0087884623329965 0.009538404177874327 -0.0007499418448778262
0.1856 0.0085101042321079 0.009349990636110306 -0.0008398864040024059
0.1859999999999999 0.0089496583299416 0.009157064370810986 -0.00020740604086938626
0.1863999999999999 0.0104492163881926 0.008959463331848383 0.0014897530563442174
0.1868000000000003 0.0110936813318375 0.008757003583014011 0.002336677748823488
0.1872000000000002 0.009601388135234 0.008549517951905727 0.0010518701833282726
0.1876000000000002 0.0077463404895178 0.008336806669831276 -0.0005904661803134755
0.1880000000000001 0.0069633969202464 0.008118683472275734 -0.0011552865520293339
0.1884000000000001 0.0073836614519565 0.007894946727901697 -0.0005112852759451975
0.1888 0.0073398366398295 0.007665392942726612 -0.0003255563028971122
0.1892 0.0068437486421195 0.007429810706526041 -0.0005860620644065409
0.1896 0.0068749724332448 0.007187979761511087 -0.0003130073282662871
0.1899999999999999 0.006876354475667 0.006939677055925131 -6.332258025813081e-05
0.1903999999999999 0.0074425250209442 0.0066846744157373905 0.0007578506052068092
0.1908000000000003 0.0073126243767838 0.006422718986868858 0.0008899053899149413
0.1912000000000002 0.0066565821929216 0.006153578869998455 0.000503003322923145
0.1916000000000002 0.0060543120540641 0.0058769891038537025 0.00017732295021039707
0.1920000000000001 0.0055841313753025 0.005592694040387869 -8.562665085368876e-06
0.1924000000000001 0.0050983278519471 0.005300419870764017 -0.00020209201881691684
0.1928 0.0046253985412643 0.004999893251806498 -0.0003744947105421975
0.1932 0.0047943967033986 0.004690819885581732 0.00010357681781686823
0.1936 0.0051593101221842 0.004372912924736738 0.0007863971974474615
0.1939999999999999 0.0049645969980237 0.004045861307531595 0.0009187356904921049
0.1943999999999999 0.0044133943831126 0.0037093604914844036 0.0007040338916281964
0.1948000000000003 0.0035435533978716 0.0033630821853876114 0.0001804712124839885
0.1952000000000002 0.002690019018439 0.0030066990293562412 -0.00031668001091724124
0.1956000000000002 0.0019055235088144 0.002639864571392536 -0.0007343410625781361
0.1960000000000001 0.0009190100182444 0.0022622384130954742 -0.0013432283948510743
